10 100000 20 20 3
2	3	6	3	7	1	4	5	5	4
1 1 1 2 2 2 3 3 3 3 3 3 3 3 3 3 3 3 3 3 
0 0 0 0	0 0 0 0	0 0 0 0 0 0 0 0 1 1 2 2
10 30 120 30 30	30 10 30 30 10
0 19 17	19 19 24 17 17 6.3 12 29 0
19 0 26	27 16 15 23 23 14 26 34	19
17 26 0	5.7 8.3	10 6.1 5.9 16 13 7.7 17
19 27 5.7 0 4.4	6.5 5.4	5.2 15 22 12 19
19 16 8.3 4.4 0	2 3.7 2.9 11 18	16 19
24 15 10 6.5 2 0 5.5 5.7 16 23 15 24
17 23 6.1 5.4 3.7 5.5 0	0.45 12	16 21 17
17 23 5.9 5.2 2.9 5.7 0.45 0 11	16 21 17
6.3 14 16 15 11	16 12 11 0 13 24 6.3
12	26	13	22	18	23	16	16	13	0	27	12
29	34	7.7	12	16	15	21	21	24	27	0	29
0	19	17	19	19	24	17	17	6.3	12	29	0
0	38	34	37	32	36	27	27	16	20	37	0
38	0	54	58	42	41	38	36	28	35	54	38
34	54	0	18	26	29	23	23	27	26	23	34
37	58	18	0	15	17	18	17	28	32	31	37
32	42	26	15	0	7	11	12	27	30	40	32
36	41	29	17	7	0	17	18	27	28	37	36
27	38	23	18	11	17	0	2	24	28	38	27
27	36	23	17	12	18	2	0	25	29	38	27
16	28	27	28	27	27	24	25	0	17	31	16
20	35	26	32	30	28	28	29	17	0	43	20
37	54	23	31	40	37	38	38	31	43	0	37
0	38	34	37	32	36	27	27	16	20	37	0
480 360 1080 
46	56	64	56	70	10.1	49.6	56.5	56.5	49.6
415090	546787	1346785	546787	1011839	91698	510858	585728	585728	510858
360 360 360 360 360 360 360 360 360 360 
1080 1080 1080 1080 1080 1080 1080 1080 1080 1080 
105 275 760
5359200	9926750 39840000
1610 4300 17000
1 2 2
2400
4 5 6.67